p1 = [440 342; 552 1177; 318 1919; 1392 1698];
p2 = [1262 76; 1117 1027; 2652 1508; 1455 1826];
sz = [1728 2592];

